再投影誤差:  3.3078264791759437
カメラ行列: 
 [[4.40139877e+03 0.00000000e+00 2.16041901e+03]
 [0.00000000e+00 4.40000158e+03 2.82027803e+03]
 [0.00000000e+00 0.00000000e+00 1.00000000e+00]]
歪み係数: 
 [[ 2.14881715e-01 -1.19161360e+00 -4.96139898e-03  1.28805410e-03
   2.02153833e+00]]
回転ベクトル:
           X         Y         Z
0  -0.484805 -0.014229 -0.006897
1  -0.375244 -0.457055 -1.508365
2   0.290200 -0.048500 -0.015106
3  -0.481084  0.145625  0.887106
4  -0.077321 -0.026107  0.005231
5  -0.213583 -0.210064 -1.546681
6   0.056585  0.877145  2.995568
7  -0.268907 -0.034137  0.008915
8   0.156646 -0.036970 -0.020084
9  -0.306416  0.206463  1.554857
10 -0.523097 -0.288605 -0.990886
並進ベクトル:
           X         Y          Z
0  -4.582420 -2.039194  14.760037
1  -2.900470  2.634753   9.193503
2  -4.469698 -0.120076  12.074753
3  -0.935409 -4.334920  16.444274
4  -4.442560 -3.210885  12.876406
5  -3.063189  4.130915   9.314425
6   4.395534  2.003800  12.334819
7  -4.499561 -2.785363  13.412810
8  -4.284095 -1.485285  12.588490
9   2.751257 -3.835587  12.674557
10 -4.342931  1.958245  12.551738