MatchingList: [1, 1, 1, 1, 1,
               1, 1, 1, 1, 1, 
               1, 1, 1, 1, 0, 
               1, 0, 1, 0, 1,
               0, 1, 0, 1, 1, 
               1, 1, 1, 1, 1, 
               1, 1, 1]
left= 
 [2562.86713099 1064.61966205]
 [2597.39735556  926.94791794]
 [2616.44772148  930.91463757]
 [2633.30747151  936.14089537]
 [2503.27517796  902.45578194]
 [2455.70058775  889.95930433]
 [2403.60841084  878.83556843]
 [2562.64166021  968.28644085]
 [2227.2856636   877.96279478]
 [2548.39103866 1166.51926231]
 [2451.69165087 1141.60903931]
 [2616.68647027 1562.42007923]
 [1632.17034638 1301.23733068]
 [2987.84227324 2220.54349995]
 [1137.59125042 1799.58844471]
 [3001.42158937 1794.90369129]
 [1206.66216874 2446.5736599 ]
 [3049.26148438 1633.44822693]
 [1193.03446448 2660.214077  ]
 [2992.93106961 1543.61024952]
 [1274.78805041 2610.07598019]
 [2936.78475952 1598.79858541]
 [1297.82386136 2540.53803349]
 [2106.97236085 2856.0275774 ]
 [1559.38848031 2794.21964407]
 [2062.17261887 3819.72493458]
 [1463.62110651 3650.43816948]
 [1945.2139281  4647.03911018]
 [1356.42200661 4057.74547577]
 [1860.18795168 4742.01363373]
 [1391.00330043 4054.69357681]
 [2101.90897143 5017.59391308]
 [1191.14898741 4419.25863647]
right= 
 [1956.96317732 1279.62167072]
 [2019.15289593 1166.45627689]
 [2057.28171587 1162.05887318]
 [2099.08688414 1157.06557631]
 [1955.33828115 1166.12662482]
 [1945.27521122 1162.01810288]
 [1934.98603213 1157.65772438]
 [2247.51215458 1167.18869519]
 [2023.82037091 1158.20042038]
 [2064.28420508 1382.04660344]
 [1980.33055544 1384.18172407]
 [2646.38069129 1589.68936157]
 [1948.63850498 1642.006073  ]
 [2798.38298035 2197.49066591]
 [1880.85019112 2257.30417442]
 [2029.8016026  1890.9612236 ]
 [1685.44796848 2704.32906532]
 [1863.19937825 1810.439641  ]
 [1579.57092404 2837.27222157]
 [1861.65912938 1722.02309132]
 [1587.57986069 2850.90771389]
 [1918.71345091 1751.78625584]
 [1629.22530985 2793.43658209]
 [2666.59135079 2997.80571556]
 [2290.13941026 3012.34683609]
 [2333.64429116 3974.02695751]
 [2440.33589029 3815.68637753]
 [2414.81785798 4858.7310648 ]
 [2822.09852314 4239.25788116]
 [2512.16735744 4969.30520439]
 [2960.81080341 4270.1997242 ]
 [2089.98902321 5262.71784782]
 [2608.34583879 4556.23932838]
src_pts: 30-3 = 27 0~27
 [2562.86713099 1064.61966205]
 [2597.39735556  926.94791794]
 [2616.44772148  930.91463757]
 [2633.30747151  936.14089537]
 [2503.27517796  902.45578194]
 [2455.70058775  889.95930433]
 [2403.60841084  878.83556843]
 [2562.64166021  968.28644085]
 [2227.2856636   877.96279478]
 [2548.39103866 1166.51926231]
 [2451.69165087 1141.60903931]
 [2616.68647027 1562.42007923]
 [1632.17034638 1301.23733068]
 [2987.84227324 2220.54349995]
 [3001.42158937 1794.90369129]
 [3049.26148438 1633.44822693]
 [2992.93106961 1543.61024952]
 [2936.78475952 1598.79858541]
 [2106.97236085 2856.0275774 ]
 [1559.38848031 2794.21964407]
 [2062.17261887 3819.72493458]
 [1463.62110651 3650.43816948]
 [1945.2139281  4647.03911018]
 [1356.42200661 4057.74547577]
 [1860.18795168 4742.01363373]
 [1391.00330043 4054.69357681]
 [2101.90897143 5017.59391308]
 [1191.14898741 4419.25863647]
dst_pts: 
 [1956.96317732 1279.62167072]
 [2019.15289593 1166.45627689]
 [2057.28171587 1162.05887318]
 [2099.08688414 1157.06557631]
 [1955.33828115 1166.12662482]
 [1945.27521122 1162.01810288]
 [1934.98603213 1157.65772438]
 [2247.51215458 1167.18869519]
 [2023.82037091 1158.20042038]
 [2064.28420508 1382.04660344]
 [1980.33055544 1384.18172407]
 [2646.38069129 1589.68936157]
 [1948.63850498 1642.006073  ]
 [2798.38298035 2197.49066591]
 [2029.8016026  1890.9612236 ]
 [1863.19937825 1810.439641  ]
 [1861.65912938 1722.02309132]
 [1918.71345091 1751.78625584]
 [2666.59135079 2997.80571556]
 [2290.13941026 3012.34683609]
 [2333.64429116 3974.02695751]
 [2440.33589029 3815.68637753]
 [2414.81785798 4858.7310648 ]
 [2822.09852314 4239.25788116]
 [2512.16735744 4969.30520439]
 [2960.81080341 4270.1997242 ]
 [2089.98902321 5262.71784782]
 [2608.34583879 4556.23932838]
E: [[-0.01235946 -0.29693607 -0.23595274]
 [-0.25963455  0.06779901 -0.61757383]
 [-0.15594881  0.61457692  0.02394687]]
R: [[ 0.53295404  0.51269957 -0.6731264 ]
 [-0.45418292  0.84454427  0.28365975]
 [ 0.71391727  0.1545449   0.68296266]]
t: [[ 0.84380391]
 [-0.30527285]
 [ 0.44136544]]
landmark3D: 
 [ 0.09832178 -0.41983103  1.09410433]
 [ 0.10319124 -0.43607869  1.06061486]
 [ 0.1068573  -0.43152419  1.05194819]
 [ 0.10979591 -0.42625034  1.04180962]
 [ 0.08078635 -0.44225614  1.06214823]
 [ 0.06896237 -0.44236227  1.05568271]
 [ 0.05620183 -0.44209716  1.04861581]
 [ 0.08855176 -0.39784336  0.99002238]
 [ 0.01379652 -0.41987226  0.99536517]
 [ 0.09261183 -0.38431413  1.07442403]
 [ 0.0697201  -0.39330059  1.08176833]
 [ 0.09689812 -0.25777604  0.9534008 ]
 [-0.1181386  -0.3241065   0.98390596]
 [ 0.19106262 -0.11161513  1.05715964]
 [ 0.          0.          0.        ]
 [ 0.24429588 -0.28392237  1.29707269]
 [ 0.          0.          0.        ]
 [ 0.27041141 -0.34200379  1.36206466]
 [ 0.          0.          0.        ]
 [ 0.24639901 -0.36110655  1.32360002]
 [ 0.          0.          0.        ]
 [ 0.22444775 -0.33880926  1.29158883]
 [ 0.          0.          0.        ]
 [-0.01970606  0.03458962  1.07826294]
 [-0.14561049 -0.00618106  1.0834829 ]
 [-0.03247295  0.31927666  1.39132537]
 [-0.17660322  0.204728    1.15294895]
 [-0.07698255  0.63981774  1.55093686]
 [-0.19830871  0.30647026  1.0894005 ]
 [-0.10466177  0.65288341  1.49796305]
 [-0.19041591  0.3102772   1.06146347]
 [-0.01817561  0.96931367  2.00561284]
 [-0.24408545  0.39315946  1.16664779]

 test.pyのランドマークのずれによる3次元位置復元の影響実験の結果
 Kはピクセル単位、tはベースラインの長さを1としたときの値
 K: [[4.43704178e+03 0.00000000e+00 2.16573130e+03]
 [0.00000000e+00 4.51594693e+03 2.78342064e+03]
 [0.00000000e+00 0.00000000e+00 1.00000000e+00]]
R: [[ 0.5        0.        -0.8660254]
 [ 0.         1.         0.       ]
 [ 0.8660254  0.         0.5      ]]
t: [[0.8660254]
 [0.       ]
 [0.5      ]]
Pleft: [[4.43704178e+03 0.00000000e+00 2.16573130e+03 0.00000000e+00]
 [0.00000000e+00 4.51594693e+03 2.78342064e+03 0.00000000e+00]
 [0.00000000e+00 0.00000000e+00 1.00000000e+00 0.00000000e+00]]
Pright: [[ 4.09409921e+03  0.00000000e+00 -2.75972525e+03  4.92545655e+03]
 [ 2.41051298e+03  4.51594693e+03  1.39171032e+03  1.39171032e+03]
 [ 8.66025404e-01  0.00000000e+00  5.00000000e-01  5.00000000e-01]]
points3D: [[ 6.06840035]
 [-7.97676046]
 [-0.39293797]]

全カメラパラメータにピクセルピッチ0.002[mm]をかけた
 K: [[8.87408356 0.         4.3314626 ]
 [0.         9.03189386 5.56684128]
 [0.         0.         1.        ]]
R: [[ 0.5        0.        -0.8660254]
 [ 0.         1.         0.       ]
 [ 0.8660254  0.         0.5      ]]
t: [[0.8660254]
 [0.       ]
 [0.5      ]]
Pleft: [[8.87408356 0.         4.3314626  0.        ]
 [0.         9.03189386 5.56684128 0.        ]
 [0.         0.         1.         0.        ]]
Pright: [[ 8.18819843  0.         -5.5194505   9.8509131 ]
 [ 4.82102597  9.03189386  2.78342064  2.78342064]
 [ 0.8660254   0.          0.5         0.5       ]]
points3D: [[ 6.0684004 ]
 [-7.9767605 ]
 [-0.39293799]]

K: [[8.87408356e+00 0.00000000e+00 2.16573130e+03]
 [0.00000000e+00 9.03189386e+00 2.78342064e+03]
 [0.00000000e+00 0.00000000e+00 1.00000000e+00]]
R: [[ 0.5        0.        -0.8660254]
 [ 0.         1.         0.       ]
 [ 0.8660254  0.         0.5      ]]
t: [[0.8660254]
 [0.       ]
 [0.5      ]]
Pleft: [[8.87408356e+00 0.00000000e+00 2.16573130e+03 0.00000000e+00]
 [0.00000000e+00 9.03189386e+00 2.78342064e+03 0.00000000e+00]
 [0.00000000e+00 0.00000000e+00 1.00000000e+00 0.00000000e+00]]
Pright: [[1.88001537e+03 0.00000000e+00 1.07518047e+03 1.09055083e+03]
 [2.41051298e+03 9.03189386e+00 1.39171032e+03 1.39171032e+03]
 [8.66025404e-01 0.00000000e+00 5.00000000e-01 5.00000000e-01]]
points3D: [[-3.60417921]
 [ 2.51420189]
 [-1.58783872]]